8191
8217
8242
8268
8294
8320
8345
8371
8397
8423
8448
8474
8500
8525
8551
8577
8603
8628
8654
8680
8705
8731
8757
8782
8808
8834
8859
8885
8911
8936
8962
8988
9013
9039
9064
9090
9115
9141
9167
9192
9218
9243
9269
9294
9320
9345
9371
9396
9422
9447
9472
9498
9523
9549
9574
9599
9625
9650
9675
9701
9726
9751
9776
9802
9827
9852
9877
9902
9928
9953
9978
10003
10028
10053
10078
10103
10128
10153
10178
10203
10228
10253
10278
10303
10328
10353
10377
10402
10427
10452
10476
10501
10526
10550
10575
10600
10624
10649
10673
10698
10722
10747
10771
10796
10820
10844
10869
10893
10917
10942
10966
10990
11014
11038
11062
11086
11111
11135
11159
11183
11206
11230
11254
11278
11302
11326
11350
11373
11397
11421
11444
11468
11491
11515
11538
11562
11585
11609
11632
11655
11679
11702
11725
11748
11772
11795
11818
11841
11864
11887
11910
11933
11956
11978
12001
12024
12047
12069
12092
12115
12137
12160
12182
12205
12227
12250
12272
12294
12316
12339
12361
12383
12405
12427
12449
12471
12493
12515
12537
12558
12580
12602
12624
12645
12667
12688
12710
12731
12753
12774
12795
12817
12838
12859
12880
12901
12922
12943
12964
12985
13006
13027
13047
13068
13089
13109
13130
13150
13171
13191
13212
13232
13252
13272
13293
13313
13333
13353
13373
13393
13412
13432
13452
13472
13491
13511
13530
13550
13569
13589
13608
13627
13647
13666
13685
13704
13723
13742
13761
13780
13798
13817
13836
13854
13873
13892
13910
13928
13947
13965
13983
14001
14020
14038
14056
14074
14091
14109
14127
14145
14162
14180
14197
14215
14232
14250
14267
14284
14301
14318
14336
14353
14369
14386
14403
14420
14437
14453
14470
14486
14503
14519
14535
14552
14568
14584
14600
14616
14632
14648
14664
14679
14695
14711
14726
14742
14757
14772
14788
14803
14818
14833
14848
14863
14878
14893
14908
14922
14937
14952
14966
14980
14995
15009
15023
15038
15052
15066
15080
15093
15107
15121
15135
15148
15162
15175
15189
15202
15215
15229
15242
15255
15268
15281
15294
15306
15319
15332
15344
15357
15369
15382
15394
15406
15418
15430
15442
15454
15466
15478
15490
15501
15513
15524
15536
15547
15558
15570
15581
15592
15603
15614
15625
15635
15646
15657
15667
15678
15688
15699
15709
15719
15729
15739
15749
15759
15769
15779
15788
15798
15807
15817
15826
15835
15845
15854
15863
15872
15881
15889
15898
15907
15916
15924
15932
15941
15949
15957
15966
15974
15982
15989
15997
16005
16013
16020
16028
16035
16043
16050
16057
16064
16071
16078
16085
16092
16099
16106
16112
16119
16125
16132
16138
16144
16150
16156
16162
16168
16174
16180
16185
16191
16196
16202
16207
16212
16217
16223
16228
16233
16237
16242
16247
16252
16256
16261
16265
16269
16273
16278
16282
16286
16290
16293
16297
16301
16304
16308
16311
16315
16318
16321
16324
16327
16330
16333
16336
16339
16341
16344
16346
16349
16351
16353
16355
16357
16359
16361
16363
16365
16366
16368
16369
16371
16372
16373
16375
16376
16377
16378
16378
16379
16380
16381
16381
16381
16382
16382
16382
16382
16383
16382
16382
16382
16382
16381
16381
16381
16380
16379
16378
16378
16377
16376
16375
16373
16372
16371
16369
16368
16366
16365
16363
16361
16359
16357
16355
16353
16351
16349
16346
16344
16341
16339
16336
16333
16330
16327
16324
16321
16318
16315
16311
16308
16304
16301
16297
16293
16290
16286
16282
16278
16273
16269
16265
16261
16256
16252
16247
16242
16237
16233
16228
16223
16217
16212
16207
16202
16196
16191
16185
16180
16174
16168
16162
16156
16150
16144
16138
16132
16125
16119
16112
16106
16099
16092
16085
16078
16071
16064
16057
16050
16043
16035
16028
16020
16013
16005
15997
15989
15982
15974
15966
15957
15949
15941
15932
15924
15916
15907
15898
15889
15881
15872
15863
15854
15845
15835
15826
15817
15807
15798
15788
15779
15769
15759
15749
15739
15729
15719
15709
15699
15688
15678
15667
15657
15646
15635
15625
15614
15603
15592
15581
15570
15558
15547
15536
15524
15513
15501
15490
15478
15466
15454
15442
15430
15418
15406
15394
15382
15369
15357
15344
15332
15319
15306
15294
15281
15268
15255
15242
15229
15215
15202
15189
15175
15162
15148
15135
15121
15107
15093
15080
15066
15052
15038
15023
15009
14995
14980
14966
14952
14937
14922
14908
14893
14878
14863
14848
14833
14818
14803
14788
14772
14757
14742
14726
14711
14695
14679
14664
14648
14632
14616
14600
14584
14568
14552
14535
14519
14503
14486
14470
14453
14437
14420
14403
14386
14369
14353
14336
14318
14301
14284
14267
14250
14232
14215
14197
14180
14162
14145
14127
14109
14091
14074
14056
14038
14020
14001
13983
13965
13947
13928
13910
13892
13873
13854
13836
13817
13798
13780
13761
13742
13723
13704
13685
13666
13647
13627
13608
13589
13569
13550
13530
13511
13491
13472
13452
13432
13412
13393
13373
13353
13333
13313
13293
13272
13252
13232
13212
13191
13171
13150
13130
13109
13089
13068
13047
13027
13006
12985
12964
12943
12922
12901
12880
12859
12838
12817
12795
12774
12753
12731
12710
12688
12667
12645
12624
12602
12580
12558
12537
12515
12493
12471
12449
12427
12405
12383
12361
12339
12316
12294
12272
12250
12227
12205
12182
12160
12137
12115
12092
12069
12047
12024
12001
11978
11956
11933
11910
11887
11864
11841
11818
11795
11772
11748
11725
11702
11679
11655
11632
11609
11585
11562
11538
11515
11491
11468
11444
11421
11397
11373
11350
11326
11302
11278
11254
11230
11206
11183
11159
11135
11111
11086
11062
11038
11014
10990
10966
10942
10917
10893
10869
10844
10820
10796
10771
10747
10722
10698
10673
10649
10624
10600
10575
10550
10526
10501
10476
10452
10427
10402
10377
10353
10328
10303
10278
10253
10228
10203
10178
10153
10128
10103
10078
10053
10028
10003
9978
9953
9928
9902
9877
9852
9827
9802
9776
9751
9726
9701
9675
9650
9625
9599
9574
9549
9523
9498
9472
9447
9422
9396
9371
9345
9320
9294
9269
9243
9218
9192
9167
9141
9115
9090
9064
9039
9013
8988
8962
8936
8911
8885
8859
8834
8808
8782
8757
8731
8705
8680
8654
8628
8603
8577
8551
8525
8500
8474
8448
8423
8397
8371
8345
8320
8294
8268
8242
8217
8191
8165
8140
8114
8088
8062
8037
8011
7985
7959
7934
7908
7882
7857
7831
7805
7779
7754
7728
7702
7677
7651
7625
7600
7574
7548
7523
7497
7471
7446
7420
7394
7369
7343
7318
7292
7267
7241
7215
7190
7164
7139
7113
7088
7062
7037
7011
6986
6960
6935
6910
6884
6859
6833
6808
6783
6757
6732
6707
6681
6656
6631
6606
6580
6555
6530
6505
6480
6454
6429
6404
6379
6354
6329
6304
6279
6254
6229
6204
6179
6154
6129
6104
6079
6054
6029
6005
5980
5955
5930
5906
5881
5856
5832
5807
5782
5758
5733
5709
5684
5660
5635
5611
5586
5562
5538
5513
5489
5465
5440
5416
5392
5368
5344
5320
5296
5271
5247
5223
5199
5176
5152
5128
5104
5080
5056
5032
5009
4985
4961
4938
4914
4891
4867
4844
4820
4797
4773
4750
4727
4703
4680
4657
4634
4610
4587
4564
4541
4518
4495
4472
4449
4426
4404
4381
4358
4335
4313
4290
4267
4245
4222
4200
4177
4155
4132
4110
4088
4066
4043
4021
3999
3977
3955
3933
3911
3889
3867
3845
3824
3802
3780
3758
3737
3715
3694
3672
3651
3629
3608
3587
3565
3544
3523
3502
3481
3460
3439
3418
3397
3376
3355
3335
3314
3293
3273
3252
3232
3211
3191
3170
3150
3130
3110
3089
3069
3049
3029
3009
2989
2970
2950
2930
2910
2891
2871
2852
2832
2813
2793
2774
2755
2735
2716
2697
2678
2659
2640
2621
2602
2584
2565
2546
2528
2509
2490
2472
2454
2435
2417
2399
2381
2362
2344
2326
2308
2291
2273
2255
2237
2220
2202
2185
2167
2150
2132
2115
2098
2081
2064
2046
2029
2013
1996
1979
1962
1945
1929
1912
1896
1879
1863
1847
1830
1814
1798
1782
1766
1750
1734
1718
1703
1687
1671
1656
1640
1625
1610
1594
1579
1564
1549
1534
1519
1504
1489
1474
1460
1445
1430
1416
1402
1387
1373
1359
1344
1330
1316
1302
1289
1275
1261
1247
1234
1220
1207
1193
1180
1167
1153
1140
1127
1114
1101
1088
1076
1063
1050
1038
1025
1013
1000
988
976
964
952
940
928
916
904
892
881
869
858
846
835
824
812
801
790
779
768
757
747
736
725
715
704
694
683
673
663
653
643
633
623
613
603
594
584
575
565
556
547
537
528
519
510
501
493
484
475
466
458
450
441
433
425
416
408
400
393
385
377
369
362
354
347
339
332
325
318
311
304
297
290
283
276
270
263
257
250
244
238
232
226
220
214
208
202
197
191
186
180
175
170
165
159
154
149
145
140
135
130
126
121
117
113
109
104
100
96
92
89
85
81
78
74
71
67
64
61
58
55
52
49
46
43
41
38
36
33
31
29
27
25
23
21
19
17
16
14
13
11
10
9
7
6
5
4
4
3
2
1
1
1
0
0
0
0
0
0
0
0
0
1
1
1
2
3
4
4
5
6
7
9
10
11
13
14
16
17
19
21
23
25
27
29
31
33
36
38
41
43
46
49
52
55
58
61
64
67
71
74
78
81
85
89
92
96
100
104
109
113
117
121
126
130
135
140
145
149
154
159
165
170
175
180
186
191
197
202
208
214
220
226
232
238
244
250
257
263
270
276
283
290
297
304
311
318
325
332
339
347
354
362
369
377
385
393
400
408
416
425
433
441
450
458
466
475
484
493
501
510
519
528
537
547
556
565
575
584
594
603
613
623
633
643
653
663
673
683
694
704
715
725
736
747
757
768
779
790
801
812
824
835
846
858
869
881
892
904
916
928
940
952
964
976
988
1000
1013
1025
1038
1050
1063
1076
1088
1101
1114
1127
1140
1153
1167
1180
1193
1207
1220
1234
1247
1261
1275
1289
1302
1316
1330
1344
1359
1373
1387
1402
1416
1430
1445
1460
1474
1489
1504
1519
1534
1549
1564
1579
1594
1610
1625
1640
1656
1671
1687
1703
1718
1734
1750
1766
1782
1798
1814
1830
1847
1863
1879
1896
1912
1929
1945
1962
1979
1996
2013
2029
2046
2064
2081
2098
2115
2132
2150
2167
2185
2202
2220
2237
2255
2273
2291
2308
2326
2344
2362
2381
2399
2417
2435
2454
2472
2490
2509
2528
2546
2565
2584
2602
2621
2640
2659
2678
2697
2716
2735
2755
2774
2793
2813
2832
2852
2871
2891
2910
2930
2950
2970
2989
3009
3029
3049
3069
3089
3110
3130
3150
3170
3191
3211
3232
3252
3273
3293
3314
3335
3355
3376
3397
3418
3439
3460
3481
3502
3523
3544
3565
3587
3608
3629
3651
3672
3694
3715
3737
3758
3780
3802
3824
3845
3867
3889
3911
3933
3955
3977
3999
4021
4043
4066
4088
4110
4132
4155
4177
4200
4222
4245
4267
4290
4313
4335
4358
4381
4404
4426
4449
4472
4495
4518
4541
4564
4587
4610
4634
4657
4680
4703
4727
4750
4773
4797
4820
4844
4867
4891
4914
4938
4961
4985
5009
5032
5056
5080
5104
5128
5152
5176
5199
5223
5247
5271
5296
5320
5344
5368
5392
5416
5440
5465
5489
5513
5538
5562
5586
5611
5635
5660
5684
5709
5733
5758
5782
5807
5832
5856
5881
5906
5930
5955
5980
6005
6029
6054
6079
6104
6129
6154
6179
6204
6229
6254
6279
6304
6329
6354
6379
6404
6429
6454
6480
6505
6530
6555
6580
6606
6631
6656
6681
6707
6732
6757
6783
6808
6833
6859
6884
6910
6935
6960
6986
7011
7037
7062
7088
7113
7139
7164
7190
7215
7241
7267
7292
7318
7343
7369
7394
7420
7446
7471
7497
7523
7548
7574
7600
7625
7651
7677
7702
7728
7754
7779
7805
7831
7857
7882
7908
7934
7959
7985
8011
8037
8062
8088
8114
8140
8165


