000000000000011000111111110011100
000000000000011001000100111000100
000000000000011001001001110001000
000000000000011001001110110110000
000000000000011001010011111011000
000000000000011001011001000000000
000000000000011001011101111000100
000000000000011001100010111101100
000000000000011001101000000010100
000000000000011001101101000111100
000000000000011001110010000000000
000000000000011001110111000101000
000000000000011001111100001010000
000000000000011010000001000010100
000000000000011010000110000111100
000000000000011010001011001100100
000000000000011010010000010001100
000000000000011010010101001010000
000000000000011010011010001111000
000000000000011010011111010100000
000000000000011010100100001100100
000000000000011010101001010001100
000000000000011010101110010110100
000000000000011010110011001111000
000000000000011010111000010100000
000000000000011010111101011001000
000000000000011011000010010001100
000000000000011011000111010110100
000000000000011011001100011011100
000000000000011011010001010100000
000000000000011011010110011001000
000000000000011011011011011110000
000000000000011011100000010110100
000000000000011011100101011011100
000000000000011011101010010100000
000000000000011011101111011001000
000000000000011011110100010001100
000000000000011011111001010110100
000000000000011011111110011011100
000000000000011100000011010100000
000000000000011100001000011001000
000000000000011100001101010001100
000000000000011100010010010110100
000000000000011100010111001111000
000000000000011100011100010100000
000000000000011100100001001100100
000000000000011100100110010001100
000000000000011100101011001010000
000000000000011100110000001111000
000000000000011100110101000111100
000000000000011100111010000000000
000000000000011100111111000101000
000000000000011101000011111101100
000000000000011101001001000010100
000000000000011101001101111011000
000000000000011101010010110011100
000000000000011101010111111000100
000000000000011101011100110001000
000000000000011101100001101001100
000000000000011101100110101110100
000000000000011101101011100111000
000000000000011101110000011111100
000000000000011101110101011000000
000000000000011101111010011101000
000000000000011101111111010101100
000000000000011110000100001110000
000000000000011110001001000110100
000000000000011110001101111111000
000000000000011110010011000100000
000000000000011110010111111100100
000000000000011110011100110101000
000000000000011110100001101101100
000000000000011110100110100110000
000000000000011110101011011110100
000000000000011110110000010111000
000000000000011110110101001111100
000000000000011110111010001000000
000000000000011110111111000000100
000000000000011111000011111001000
000000000000011111001000110001100
000000000000011111001101101010000
000000000000011111010010100010100
000000000000011111010111011011000
000000000000011111011100010011100
000000000000011111100001001100000
000000000000011111100110000100100
000000000000011111101010110000100
000000000000011111101111101001000
000000000000011111110100100001100
000000000000011111111001011010000
000000000000011111111110000110000
000000000000100000000010111110100
000000000000100000000111110111000
000000000000100000001100100011000
000000000000100000010001011011100
000000000000100000010110010100000
000000000000100000011011000000000
000000000000100000011111111000100
000000000000100000100100100100100
000000000000100000101001011101000
000000000000100000101110001001000
000000000000100000110011000001100
000000000000100000110111101101100
000000000000100000111100100110000
000000000000100001000001010010000
000000000000100001000101111110000
000000000000100001001010110110100
000000000000100001001111100010100
000000000000100001010100001110100
000000000000100001011001000111000
000000000000100001011101110011000
000000000000100001100010011111000
000000000000100001100111001011000
000000000000100001101011110111000
000000000000100001110000100011000
000000000000100001110101001111000
000000000000100001111010000111100
000000000000100001111110110011100
000000000000100010000011011111100
000000000000100010001000001011100
000000000000100010001100101011000
000000000000100010010001010111000
000000000000100010010110000011000
000000000000100010011010101111000
000000000000100010011111011011000
000000000000100010100100000111000
000000000000100010101000110011000
000000000000100010101101010010100
000000000000100010110001111110100
000000000000100010110110101010100
000000000000100010111011001010000
000000000000100010111111110110000
000000000000100011000100010101100
000000000000100011001001000001100
000000000000100011001101100001000
000000000000100011010010001101000
000000000000100011010110101100100
000000000000100011011011011000100
000000000000100011011111111000000
000000000000100011100100010111100
000000000000100011101001000011100
000000000000100011101101100011000
000000000000100011110010000010100
000000000000100011110110100010000
000000000000100011111011001110000
000000000000100011111111101101100
000000000000100100000100001101000
000000000000100100001000101100100
000000000000100100001101001100000
000000000000100100010001101011100
000000000000100100010110001011000
000000000000100100011010101010100
000000000000100100011111001010000
000000000000100100100011011101000
000000000000100100100111111100100
000000000000100100101100011100000
000000000000100100110000111011100
000000000000100100110101001110100
000000000000100100111001101110000
000000000000100100111110001101100
000000000000100101000010100000100
000000000000100101000111000000000
000000000000100101001011010011000
000000000000100101001111110010100
000000000000100101010100000101100
000000000000100101011000100101000
000000000000100101011100111000000
000000000000100101100001001011000
000000000000100101100101011110000
000000000000100101101001111101100
000000000000100101101110010000100
000000000000100101110010100011100
000000000000100101110110110110100
000000000000100101111011001001100
000000000000100101111111011100100
000000000000100110000011101111100
000000000000100110001000000010100
000000000000100110001100010101100
000000000000100110010000101000100
000000000000100110010100101111000
000000000000100110011001000010000
000000000000100110011101010101000
000000000000100110100001101000000
000000000000100110100101101110100
000000000000100110101010000001100
000000000000100110101110001000000
000000000000100110110010011011000
000000000000100110110110100001100
000000000000100110111010110100100
000000000000100110111110111011000
000000000000100111000011000001100
000000000000100111000111010100100
000000000000100111001011011011000
000000000000100111001111100001100
000000000000100111010011101000000
000000000000100111010111101110100
000000000000100111011011110101000
000000000000100111011111111011100
000000000000100111100100000010000
000000000000100111101000001000100
000000000000100111101100001111000
000000000000100111110000010101100
000000000000100111110100001111100
000000000000100111111000010110000
000000000000100111111100011100100
000000000000101000000000010110100
000000000000101000000100011101000
000000000000101000001000010111000
000000000000101000001100011101100
000000000000101000010000010111100
000000000000101000010100011110000
000000000000101000011000011000000
000000000000101000011100010010000
000000000000101000100000001100000
000000000000101000100100010010100
000000000000101000101000001100100
000000000000101000101100000110100
000000000000101000110000000000100
000000000000101000110011111010100
000000000000101000110111110100100
000000000000101000111011100010000
000000000000101000111111011100000
000000000000101001000011010110000
000000000000101001000111010000000
000000000000101001001010111101100
000000000000101001001110110111100
000000000000101001010010100101000
000000000000101001010110011111000
000000000000101001011010001100100
000000000000101001011110000110100
000000000000101001100001110100000
000000000000101001100101100001100
000000000000101001101001011011100
000000000000101001101101001001000
000000000000101001110000110110100
000000000000101001110100100100000
000000000000101001111000010001100
000000000000101001111011111111000
000000000000101001111111101100100
000000000000101010000011011010000
000000000000101010000110111011000
000000000000101010001010101000100
000000000000101010001110010110000
000000000000101010010001110111000
000000000000101010010101100100100
000000000000101010011001010010000
000000000000101010011100110011000
000000000000101010100000010100000
000000000000101010100100000001100
000000000000101010100111100010100
000000000000101010101011000011100
000000000000101010101110100100100
000000000000101010110010010010000
000000000000101010110101110011000
000000000000101010111001010100000
000000000000101010111100110101000
000000000000101011000000001001100
000000000000101011000011101010100
000000000000101011000111001011100
000000000000101011001010101100100
000000000000101011001110000001000
000000000000101011010001100010000
000000000000101011010100110110100
000000000000101011011000010111100
000000000000101011011011101100000
000000000000101011011111001101000
000000000000101011100010100001100
000000000000101011100101110110000
000000000000101011101001001010100
000000000000101011101100011111000
000000000000101011110000000000000
000000000000101011110011010100100
000000000000101011110110011100100
000000000000101011111001110001000
000000000000101011111101000101100
000000000000101100000000011010000
000000000000101100000011101110100
000000000000101100000110110110100
000000000000101100001010001011000
000000000000101100001101010011000
000000000000101100010000100111100
000000000000101100010011101111100
000000000000101100010110110111100
000000000000101100011010001100000
000000000000101100011101010100000
000000000000101100100000011100000
000000000000101100100011100100000
000000000000101100100110101100000
000000000000101100101001110100000
000000000000101100101100111100000
000000000000101100110000000100000
000000000000101100110010111111100
000000000000101100110110000111100
000000000000101100111001001111100
000000000000101100111100001011000
000000000000101100111111010011000
000000000000101101000010001110100
000000000000101101000101001010000
000000000000101101001000010010000
000000000000101101001011001101100
000000000000101101001110001001000
000000000000101101010001000100100
000000000000101101010100000000000
000000000000101101010110111011100
000000000000101101011001110111000
000000000000101101011100110010100
000000000000101101011111101110000
000000000000101101100010011101000
000000000000101101100101011000100
000000000000101101101000010100000
000000000000101101101011000011000
000000000000101101101101110010000
000000000000101101110000101101100
000000000000101101110011011100100
000000000000101101110110001011100
000000000000101101111001000111000
000000000000101101111011110110000
000000000000101101111110100101000
000000000000101110000001010100000
000000000000101110000011110110100
000000000000101110000110100101100
000000000000101110001001010100100
000000000000101110001100000011100
000000000000101110001110100110000
000000000000101110010001010101000
000000000000101110010011110111100
000000000000101110010110100110100
000000000000101110011001001001000
000000000000101110011011101011100
000000000000101110011110011010100
000000000000101110100000111101000
000000000000101110100011011111100
000000000000101110100110000010000
000000000000101110101000100100100
000000000000101110101011000111000
000000000000101110101101011101000
000000000000101110101111111111100
000000000000101110110010100010000
000000000000101110110100111000000
000000000000101110110111011010100
000000000000101110111001110000100
000000000000101110111100010011000
000000000000101110111110101001000
000000000000101111000000111111000
000000000000101111000011010101000
000000000000101111000101101011000
000000000000101111001000000001000
000000000000101111001010010111000
000000000000101111001100101101000
000000000000101111001111000011000
000000000000101111010001011001000
000000000000101111010011100010100
000000000000101111010101111000100
000000000000101111011000000010000
000000000000101111011010011000000
000000000000101111011100100001100
000000000000101111011110101011000
000000000000101111100001000001000
000000000000101111100011001010100
000000000000101111100101010100000
000000000000101111100111011101100
000000000000101111101001100111000
000000000000101111101011110000100
000000000000101111101101101101100
000000000000101111101111110111000
000000000000101111110010000000100
000000000000101111110011111101100
000000000000101111110110000111000
000000000000101111111000000100000
000000000000101111111010001101100
000000000000101111111100001010100
000000000000101111111110000111100
000000000000110000000000000100100
000000000000110000000010000001100
000000000000110000000011111110100
000000000000110000000101111011100
000000000000110000000111111000100
000000000000110000001001110101100
000000000000110000001011100110000
000000000000110000001101100011000
000000000000110000001111010011100
000000000000110000010001010000100
000000000000110000010011000001000
000000000000110000010100110001100
000000000000110000010110101110100
000000000000110000011000011111000
000000000000110000011010001111100
000000000000110000011100000000000
000000000000110000011101110000100
000000000000110000011111010100100
000000000000110000100001000101000
000000000000110000100010110101100
000000000000110000100100100110000
000000000000110000100110001010000
000000000000110000100111101110000
000000000000110000101001011110100
000000000000110000101011000010100
000000000000110000101100100110100
000000000000110000101110010111000
000000000000110000101111111011000
000000000000110000110001011111000
000000000000110000110010110110100
000000000000110000110100011010100
000000000000110000110101111110100
000000000000110000110111100010100
000000000000110000111000111010000
000000000000110000111010011110000
000000000000110000111011110101100
000000000000110000111101011001100
000000000000110000111110110001000
000000000000110001000000001000100
000000000000110001000001100000000
000000000000110001000010110111100
000000000000110001000100001111000
000000000000110001000101100110100
000000000000110001000110111110000
000000000000110001001000010101100
000000000000110001001001101101000
000000000000110001001010111000000
000000000000110001001100001111100
000000000000110001001101011010100
000000000000110001001110110010000
000000000000110001001111111101000
000000000000110001010001001000000
000000000000110001010010010011000
000000000000110001010011011110000
000000000000110001010100101001000
000000000000110001010101110100000
000000000000110001010110111111000
000000000000110001011000001010000
000000000000110001011001001000100
000000000000110001011010010011100
000000000000110001011011010010000
000000000000110001011100011101000
000000000000110001011101011011100
000000000000110001011110011010000
000000000000110001011111011000100
000000000000110001100000100011100
000000000000110001100001100010000
000000000000110001100010100000100
000000000000110001100011010010100
000000000000110001100100010001000
000000000000110001100101001111100
000000000000110001100110001110000
000000000000110001100111000000000
000000000000110001100111111110100
000000000000110001101000110000100
000000000000110001101001100010100
000000000000110001101010010100100
000000000000110001101011010011000
000000000000110001101100000101000
000000000000110001101100110111000
000000000000110001101101101001000
000000000000110001101110001110100
000000000000110001101111000000100
000000000000110001101111110010100
000000000000110001110000011000000
000000000000110001110001001010000
000000000000110001110001101111100
000000000000110001110010100001100
000000000000110001110011000111000
000000000000110001110011101100100
000000000000110001110100010010000
000000000000110001110100110111100
000000000000110001110101011101000
000000000000110001110110000010100
000000000000110001110110101000000
000000000000110001110111001101100
000000000000110001110111100110100
000000000000110001111000001100000
000000000000110001111000100101000
000000000000110001111001001010100
000000000000110001111001100011100
000000000000110001111001111100100
000000000000110001111010010101100
000000000000110001111010101110100
000000000000110001111011000111100
000000000000110001111011100000100
000000000000110001111011111001100
000000000000110001111100010010100
000000000000110001111100011111000
000000000000110001111100111000000
000000000000110001111101000100100
000000000000110001111101011101100
000000000000110001111101101010000
000000000000110001111101110110100
000000000000110001111110001111100
000000000000110001111110011100000
000000000000110001111110101000100
000000000000110001111110110101000
000000000000110001111110110101000
000000000000110001111111000001100
000000000000110001111111001110000
000000000000110001111111011010100
000000000000110001111111011010100
000000000000110001111111011010100
000000000000110001111111100111000
000000000000110001111111100111000
000000000000110001111111100111000
000000000000110001111111100111000
000000000000110001111111110011100
000000000000110001111111100111000
000000000000110001111111100111000
000000000000110001111111100111000
000000000000110001111111100111000
000000000000110001111111011010100
000000000000110001111111011010100
000000000000110001111111011010100
000000000000110001111111001110000
000000000000110001111111000001100
000000000000110001111110110101000
000000000000110001111110110101000
000000000000110001111110101000100
000000000000110001111110011100000
000000000000110001111110001111100
000000000000110001111101110110100
000000000000110001111101101010000
000000000000110001111101011101100
000000000000110001111101000100100
000000000000110001111100111000000
000000000000110001111100011111000
000000000000110001111100010010100
000000000000110001111011111001100
000000000000110001111011100000100
000000000000110001111011000111100
000000000000110001111010101110100
000000000000110001111010010101100
000000000000110001111001111100100
000000000000110001111001100011100
000000000000110001111001001010100
000000000000110001111000100101000
000000000000110001111000001100000
000000000000110001110111100110100
000000000000110001110111001101100
000000000000110001110110101000000
000000000000110001110110000010100
000000000000110001110101011101000
000000000000110001110100110111100
000000000000110001110100010010000
000000000000110001110011101100100
000000000000110001110011000111000
000000000000110001110010100001100
000000000000110001110001101111100
000000000000110001110001001010000
000000000000110001110000011000000
000000000000110001101111110010100
000000000000110001101111000000100
000000000000110001101110001110100
000000000000110001101101101001000
000000000000110001101100110111000
000000000000110001101100000101000
000000000000110001101011010011000
000000000000110001101010010100100
000000000000110001101001100010100
000000000000110001101000110000100
000000000000110001100111111110100
000000000000110001100111000000000
000000000000110001100110001110000
000000000000110001100101001111100
000000000000110001100100010001000
000000000000110001100011010010100
000000000000110001100010100000100
000000000000110001100001100010000
000000000000110001100000100011100
000000000000110001011111011000100
000000000000110001011110011010000
000000000000110001011101011011100
000000000000110001011100011101000
000000000000110001011011010010000
000000000000110001011010010011100
000000000000110001011001001000100
000000000000110001011000001010000
000000000000110001010110111111000
000000000000110001010101110100000
000000000000110001010100101001000
000000000000110001010011011110000
000000000000110001010010010011000
000000000000110001010001001000000
000000000000110001001111111101000
000000000000110001001110110010000
000000000000110001001101011010100
000000000000110001001100001111100
000000000000110001001010111000000
000000000000110001001001101101000
000000000000110001001000010101100
000000000000110001000110111110000
000000000000110001000101100110100
000000000000110001000100001111000
000000000000110001000010110111100
000000000000110001000001100000000
000000000000110001000000001000100
000000000000110000111110110001000
000000000000110000111101011001100
000000000000110000111011110101100
000000000000110000111010011110000
000000000000110000111000111010000
000000000000110000110111100010100
000000000000110000110101111110100
000000000000110000110100011010100
000000000000110000110010110110100
000000000000110000110001011111000
000000000000110000101111111011000
000000000000110000101110010111000
000000000000110000101100100110100
000000000000110000101011000010100
000000000000110000101001011110100
000000000000110000100111101110000
000000000000110000100110001010000
000000000000110000100100100110000
000000000000110000100010110101100
000000000000110000100001000101000
000000000000110000011111010100100
000000000000110000011101110000100
000000000000110000011100000000000
000000000000110000011010001111100
000000000000110000011000011111000
000000000000110000010110101110100
000000000000110000010100110001100
000000000000110000010011000001000
000000000000110000010001010000100
000000000000110000001111010011100
000000000000110000001101100011000
000000000000110000001011100110000
000000000000110000001001110101100
000000000000110000000111111000100
000000000000110000000101111011100
000000000000110000000011111110100
000000000000110000000010000001100
000000000000110000000000000100100
000000000000101111111110000111100
000000000000101111111100001010100
000000000000101111111010001101100
000000000000101111111000000100000
000000000000101111110110000111000
000000000000101111110011111101100
000000000000101111110010000000100
000000000000101111101111110111000
000000000000101111101101101101100
000000000000101111101011110000100
000000000000101111101001100111000
000000000000101111100111011101100
000000000000101111100101010100000
000000000000101111100011001010100
000000000000101111100001000001000
000000000000101111011110101011000
000000000000101111011100100001100
000000000000101111011010011000000
000000000000101111011000000010000
000000000000101111010101111000100
000000000000101111010011100010100
000000000000101111010001011001000
000000000000101111001111000011000
000000000000101111001100101101000
000000000000101111001010010111000
000000000000101111001000000001000
000000000000101111000101101011000
000000000000101111000011010101000
000000000000101111000000111111000
000000000000101110111110101001000
000000000000101110111100010011000
000000000000101110111001110000100
000000000000101110110111011010100
000000000000101110110100111000000
000000000000101110110010100010000
000000000000101110101111111111100
000000000000101110101101011101000
000000000000101110101011000111000
000000000000101110101000100100100
000000000000101110100110000010000
000000000000101110100011011111100
000000000000101110100000111101000
000000000000101110011110011010100
000000000000101110011011101011100
000000000000101110011001001001000
000000000000101110010110100110100
000000000000101110010011110111100
000000000000101110010001010101000
000000000000101110001110100110000
000000000000101110001100000011100
000000000000101110001001010100100
000000000000101110000110100101100
000000000000101110000011110110100
000000000000101110000001010100000
000000000000101101111110100101000
000000000000101101111011110110000
000000000000101101111001000111000
000000000000101101110110001011100
000000000000101101110011011100100
000000000000101101110000101101100
000000000000101101101101110010000
000000000000101101101011000011000
000000000000101101101000010100000
000000000000101101100101011000100
000000000000101101100010011101000
000000000000101101011111101110000
000000000000101101011100110010100
000000000000101101011001110111000
000000000000101101010110111011100
000000000000101101010100000000000
000000000000101101010001000100100
000000000000101101001110001001000
000000000000101101001011001101100
000000000000101101001000010010000
000000000000101101000101001010000
000000000000101101000010001110100
000000000000101100111111010011000
000000000000101100111100001011000
000000000000101100111001001111100
000000000000101100110110000111100
000000000000101100110010111111100
000000000000101100110000000100000
000000000000101100101100111100000
000000000000101100101001110100000
000000000000101100100110101100000
000000000000101100100011100100000
000000000000101100100000011100000
000000000000101100011101010100000
000000000000101100011010001100000
000000000000101100010110110111100
000000000000101100010011101111100
000000000000101100010000100111100
000000000000101100001101010011000
000000000000101100001010001011000
000000000000101100000110110110100
000000000000101100000011101110100
000000000000101100000000011010000
000000000000101011111101000101100
000000000000101011111001110001000
000000000000101011110110011100100
000000000000101011110011010100100
000000000000101011110000000000000
000000000000101011101100011111000
000000000000101011101001001010100
000000000000101011100101110110000
000000000000101011100010100001100
000000000000101011011111001101000
000000000000101011011011101100000
000000000000101011011000010111100
000000000000101011010100110110100
000000000000101011010001100010000
000000000000101011001110000001000
000000000000101011001010101100100
000000000000101011000111001011100
000000000000101011000011101010100
000000000000101011000000001001100
000000000000101010111100110101000
000000000000101010111001010100000
000000000000101010110101110011000
000000000000101010110010010010000
000000000000101010101110100100100
000000000000101010101011000011100
000000000000101010100111100010100
000000000000101010100100000001100
000000000000101010100000010100000
000000000000101010011100110011000
000000000000101010011001010010000
000000000000101010010101100100100
000000000000101010010001110111000
000000000000101010001110010110000
000000000000101010001010101000100
000000000000101010000110111011000
000000000000101010000011011010000
000000000000101001111111101100100
000000000000101001111011111111000
000000000000101001111000010001100
000000000000101001110100100100000
000000000000101001110000110110100
000000000000101001101101001001000
000000000000101001101001011011100
000000000000101001100101100001100
000000000000101001100001110100000
000000000000101001011110000110100
000000000000101001011010001100100
000000000000101001010110011111000
000000000000101001010010100101000
000000000000101001001110110111100
000000000000101001001010111101100
000000000000101001000111010000000
000000000000101001000011010110000
000000000000101000111111011100000
000000000000101000111011100010000
000000000000101000110111110100100
000000000000101000110011111010100
000000000000101000110000000000100
000000000000101000101100000110100
000000000000101000101000001100100
000000000000101000100100010010100
000000000000101000100000001100000
000000000000101000011100010010000
000000000000101000011000011000000
000000000000101000010100011110000
000000000000101000010000010111100
000000000000101000001100011101100
000000000000101000001000010111000
000000000000101000000100011101000
000000000000101000000000010110100
000000000000100111111100011100100
000000000000100111111000010110000
000000000000100111110100001111100
000000000000100111110000010101100
000000000000100111101100001111000
000000000000100111101000001000100
000000000000100111100100000010000
000000000000100111011111111011100
000000000000100111011011110101000
000000000000100111010111101110100
000000000000100111010011101000000
000000000000100111001111100001100
000000000000100111001011011011000
000000000000100111000111010100100
000000000000100111000011000001100
000000000000100110111110111011000
000000000000100110111010110100100
000000000000100110110110100001100
000000000000100110110010011011000
000000000000100110101110001000000
000000000000100110101010000001100
000000000000100110100101101110100
000000000000100110100001101000000
000000000000100110011101010101000
000000000000100110011001000010000
000000000000100110010100101111000
000000000000100110010000101000100
000000000000100110001100010101100
000000000000100110001000000010100
000000000000100110000011101111100
000000000000100101111111011100100
000000000000100101111011001001100
000000000000100101110110110110100
000000000000100101110010100011100
000000000000100101101110010000100
000000000000100101101001111101100
000000000000100101100101011110000
000000000000100101100001001011000
000000000000100101011100111000000
000000000000100101011000100101000
000000000000100101010100000101100
000000000000100101001111110010100
000000000000100101001011010011000
000000000000100101000111000000000
000000000000100101000010100000100
000000000000100100111110001101100
000000000000100100111001101110000
000000000000100100110101001110100
000000000000100100110000111011100
000000000000100100101100011100000
000000000000100100100111111100100
000000000000100100100011011101000
000000000000100100011111001010000
000000000000100100011010101010100
000000000000100100010110001011000
000000000000100100010001101011100
000000000000100100001101001100000
000000000000100100001000101100100
000000000000100100000100001101000
000000000000100011111111101101100
000000000000100011111011001110000
000000000000100011110110100010000
000000000000100011110010000010100
000000000000100011101101100011000
000000000000100011101001000011100
000000000000100011100100010111100
000000000000100011011111111000000
000000000000100011011011011000100
000000000000100011010110101100100
000000000000100011010010001101000
000000000000100011001101100001000
000000000000100011001001000001100
000000000000100011000100010101100
000000000000100010111111110110000
000000000000100010111011001010000
000000000000100010110110101010100
000000000000100010110001111110100
000000000000100010101101010010100
000000000000100010101000110011000
000000000000100010100100000111000
000000000000100010011111011011000
000000000000100010011010101111000
000000000000100010010110000011000
000000000000100010010001010111000
000000000000100010001100101011000
000000000000100010001000001011100
000000000000100010000011011111100
000000000000100001111110110011100
000000000000100001111010000111100
000000000000100001110101001111000
000000000000100001110000100011000
000000000000100001101011110111000
000000000000100001100111001011000
000000000000100001100010011111000
000000000000100001011101110011000
000000000000100001011001000111000
000000000000100001010100001110100
000000000000100001001111100010100
000000000000100001001010110110100
000000000000100001000101111110000
000000000000100001000001010010000
000000000000100000111100100110000
000000000000100000110111101101100
000000000000100000110011000001100
000000000000100000101110001001000
000000000000100000101001011101000
000000000000100000100100100100100
000000000000100000011111111000100
000000000000100000011011000000000
000000000000100000010110010100000
000000000000100000010001011011100
000000000000100000001100100011000
000000000000100000000111110111000
000000000000100000000010111110100
000000000000011111111110000110000
000000000000011111111001011010000
000000000000011111110100100001100
000000000000011111101111101001000
000000000000011111101010110000100
000000000000011111100110000100100
000000000000011111100001001100000
000000000000011111011100010011100
000000000000011111010111011011000
000000000000011111010010100010100
000000000000011111001101101010000
000000000000011111001000110001100
000000000000011111000011111001000
000000000000011110111111000000100
000000000000011110111010001000000
000000000000011110110101001111100
000000000000011110110000010111000
000000000000011110101011011110100
000000000000011110100110100110000
000000000000011110100001101101100
000000000000011110011100110101000
000000000000011110010111111100100
000000000000011110010011000100000
000000000000011110001101111111000
000000000000011110001001000110100
000000000000011110000100001110000
000000000000011101111111010101100
000000000000011101111010011101000
000000000000011101110101011000000
000000000000011101110000011111100
000000000000011101101011100111000
000000000000011101100110101110100
000000000000011101100001101001100
000000000000011101011100110001000
000000000000011101010111111000100
000000000000011101010010110011100
000000000000011101001101111011000
000000000000011101001001000010100
000000000000011101000011111101100
000000000000011100111111000101000
000000000000011100111010000000000
000000000000011100110101000111100
000000000000011100110000001111000
000000000000011100101011001010000
000000000000011100100110010001100
000000000000011100100001001100100
000000000000011100011100010100000
000000000000011100010111001111000
000000000000011100010010010110100
000000000000011100001101010001100
000000000000011100001000011001000
000000000000011100000011010100000
000000000000011011111110011011100
000000000000011011111001010110100
000000000000011011110100010001100
000000000000011011101111011001000
000000000000011011101010010100000
000000000000011011100101011011100
000000000000011011100000010110100
000000000000011011011011011110000
000000000000011011010110011001000
000000000000011011010001010100000
000000000000011011001100011011100
000000000000011011000111010110100
000000000000011011000010010001100
000000000000011010111101011001000
000000000000011010111000010100000
000000000000011010110011001111000
000000000000011010101110010110100
000000000000011010101001010001100
000000000000011010100100001100100
000000000000011010011111010100000
000000000000011010011010001111000
000000000000011010010101001010000
000000000000011010010000010001100
000000000000011010001011001100100
000000000000011010000110000111100
000000000000011010000001000010100
000000000000011001111100001010000
000000000000011001110111000101000
000000000000011001110010000000000
000000000000011001101101000111100
000000000000011001101000000010100
000000000000011001100010111101100
000000000000011001011101111000100
000000000000011001011001000000000
000000000000011001010011111011000
000000000000011001001110110110000
000000000000011001001001110001000
000000000000011001000100111000100
000000000000011000111111110011100
000000000000011000111010101110100
000000000000011000110101110110000
000000000000011000110000110001000
000000000000011000101011101100000
000000000000011000100110100111000
000000000000011000100001101110100
000000000000011000011100101001100
000000000000011000010111100100100
000000000000011000010010011111100
000000000000011000001101100111000
000000000000011000001000100010000
000000000000011000000011011101000
000000000000010111111110100100100
000000000000010111111001011111100
000000000000010111110100011010100
000000000000010111101111010101100
000000000000010111101010011101000
000000000000010111100101011000000
000000000000010111100000010011000
000000000000010111011011011010100
000000000000010111010110010101100
000000000000010111010001010000100
000000000000010111001100011000000
000000000000010111000111010011000
000000000000010111000010001110000
000000000000010110111101010101100
000000000000010110111000010000100
000000000000010110110011001011100
000000000000010110101110010011000
000000000000010110101001001110000
000000000000010110100100001001000
000000000000010110011111010000100
000000000000010110011010001011100
000000000000010110010101010011000
000000000000010110010000001110000
000000000000010110001011010101100
000000000000010110000110010000100
000000000000010110000001001011100
000000000000010101111100010011000
000000000000010101110111001110000
000000000000010101110010010101100
000000000000010101101101010000100
000000000000010101101000011000000
000000000000010101100011010011000
000000000000010101011110011010100
000000000000010101011001010101100
000000000000010101010100011101000
000000000000010101001111011000000
000000000000010101001010011111100
000000000000010101000101100111000
000000000000010101000000100010000
000000000000010100111011101001100
000000000000010100110110100100100
000000000000010100110001101100000
000000000000010100101100110011100
000000000000010100100111101110100
000000000000010100100010110110000
000000000000010100011101111101100
000000000000010100011000111000100
000000000000010100010100000000000
000000000000010100001111000111100
000000000000010100001010001111000
000000000000010100000101001010000
000000000000010100000000010001100
000000000000010011111011011001000
000000000000010011110110100000100
000000000000010011110001101000000
000000000000010011101100100011000
000000000000010011100111101010100
000000000000010011100010110010000
000000000000010011011101111001100
000000000000010011011001000001000
000000000000010011010100001000100
000000000000010011001111010000000
000000000000010011001010010111100
000000000000010011000101011111000
000000000000010011000000100110100
000000000000010010111011101110000
000000000000010010110110110101100
000000000000010010110001111101000
000000000000010010101101000100100
000000000000010010101000001100000
000000000000010010100011010011100
000000000000010010011110011011000
000000000000010010011001100010100
000000000000010010010100110110100
000000000000010010001111111110000
000000000000010010001011000101100
000000000000010010000110001101000
000000000000010010000001100001000
000000000000010001111100101000100
000000000000010001110111110000000
000000000000010001110011000100000
000000000000010001101110001011100
000000000000010001101001010011000
000000000000010001100100100111000
000000000000010001011111101110100
000000000000010001011011000010100
000000000000010001010110001010000
000000000000010001010001011110000
000000000000010001001100100101100
000000000000010001000111111001100
000000000000010001000011000001000
000000000000010000111110010101000
000000000000010000111001101001000
000000000000010000110100110000100
000000000000010000110000000100100
000000000000010000101011011000100
000000000000010000100110100000000
000000000000010000100001110100000
000000000000010000011101001000000
000000000000010000011000011100000
000000000000010000010011110000000
000000000000010000001111000100000
000000000000010000001010011000000
000000000000010000000101011111100
000000000000010000000000110011100
000000000000001111111100000111100
000000000000001111110111011011100
000000000000001111110010111100000
000000000000001111101110010000000
000000000000001111101001100100000
000000000000001111100100111000000
000000000000001111100000001100000
000000000000001111011011100000000
000000000000001111010110110100000
000000000000001111010010010100100
000000000000001111001101101000100
000000000000001111001000111100100
000000000000001111000100011101000
000000000000001110111111110001000
000000000000001110111011010001100
000000000000001110110110100101100
000000000000001110110010000110000
000000000000001110101101011010000
000000000000001110101000111010100
000000000000001110100100001110100
000000000000001110011111101111000
000000000000001110011011001111100
000000000000001110010110100011100
000000000000001110010010000100000
000000000000001110001101100100100
000000000000001110001001000101000
000000000000001110000100011001000
000000000000001101111111111001100
000000000000001101111011011010000
000000000000001101110110111010100
000000000000001101110010011011000
000000000000001101101101111011100
000000000000001101101001011100000
000000000000001101100100111100100
000000000000001101100000011101000
000000000000001101011100001010000
000000000000001101010111101010100
000000000000001101010011001011000
000000000000001101001110101011100
000000000000001101001010011000100
000000000000001101000101111001000
000000000000001101000001011001100
000000000000001100111101000110100
000000000000001100111000100111000
000000000000001100110100010100000
000000000000001100101111110100100
000000000000001100101011100001100
000000000000001100100111000010000
000000000000001100100010101111000
000000000000001100011110011100000
000000000000001100011010001001000
000000000000001100010101101001100
000000000000001100010001010110100
000000000000001100001101000011100
000000000000001100001000110000100
000000000000001100000100011101100
000000000000001100000000001010100
000000000000001011111011110111100
000000000000001011110111100100100
000000000000001011110011010001100
000000000000001011101110111110100
000000000000001011101010111000000
000000000000001011100110100101000
000000000000001011100010010010000
000000000000001011011101111111000
000000000000001011011001111000100
000000000000001011010101100101100
000000000000001011010001011111000
000000000000001011001101001100000
000000000000001011001001000101100
000000000000001011000100110010100
000000000000001011000000101100000
000000000000001010111100100101100
000000000000001010111000010010100
000000000000001010110100001100000
000000000000001010110000000101100
000000000000001010101011111111000
000000000000001010100111111000100
000000000000001010100011110010000
000000000000001010011111101011100
000000000000001010011011100101000
000000000000001010010111011110100
000000000000001010010011011000000
000000000000001010001111010001100
000000000000001010001011010111100
000000000000001010000111010001000
000000000000001010000011001010100
000000000000001001111111010000100
000000000000001001111011001010000
000000000000001001110111010000000
000000000000001001110011001001100
000000000000001001101111001111100
000000000000001001101011001001000
000000000000001001100111001111000
000000000000001001100011010101000
000000000000001001011111011011000
000000000000001001011011010100100
000000000000001001010111011010100
000000000000001001010011100000100
000000000000001001001111100110100
000000000000001001001011101100100
000000000000001001000111110010100
000000000000001001000100000101000
000000000000001001000000001011000
000000000000001000111100010001000
000000000000001000111000010111000
000000000000001000110100101001100
000000000000001000110000101111100
000000000000001000101101000010000
000000000000001000101001001000000
000000000000001000100101011010100
000000000000001000100001100000100
000000000000001000011101110011000
000000000000001000011010000101100
000000000000001000010110001011100
000000000000001000010010011110000
000000000000001000001110110000100
000000000000001000001011000011000
000000000000001000000111010101100
000000000000001000000011101000000
000000000000000111111111111010100
000000000000000111111100001101000
000000000000000111111000101100000
000000000000000111110100111110100
000000000000000111110001010001000
000000000000000111101101110000000
000000000000000111101010000010100
000000000000000111100110010101000
000000000000000111100010110100000
000000000000000111011111010011000
000000000000000111011011100101100
000000000000000111011000000100100
000000000000000111010100100011100
000000000000000111010001000010100
000000000000000111001101010101000
000000000000000111001001110100000
000000000000000111000110010011000
000000000000000111000010110010000
000000000000000110111111011101100
000000000000000110111011111100100
000000000000000110111000011011100
000000000000000110110100111010100
000000000000000110110001100110000
000000000000000110101110000101000
000000000000000110101010110000100
000000000000000110100111001111100
000000000000000110100011111011000
000000000000000110100000011010000
000000000000000110011101000101100
000000000000000110011001110001000
000000000000000110010110011100100
000000000000000110010011001000000
000000000000000110001111100111000
000000000000000110001100010010100
000000000000000110001001001010100
000000000000000110000101110110000
000000000000000110000010100001100
000000000000000101111111001101000
000000000000000101111011111000100
000000000000000101111000110000100
000000000000000101110101011100000
000000000000000101110010010100000
000000000000000101101110111111100
000000000000000101101011110111100
000000000000000101101000101111100
000000000000000101100101011011000
000000000000000101100010010011000
000000000000000101011111001011000
000000000000000101011100000011000
000000000000000101011000111011000
000000000000000101010101110011000
000000000000000101010010101011000
000000000000000101001111100011000
000000000000000101001100100111100
000000000000000101001001011111100
000000000000000101000110010111100
000000000000000101000011011100000
000000000000000101000000010100000
000000000000000100111101011000100
000000000000000100111010011101000
000000000000000100110111010101000
000000000000000100110100011001100
000000000000000100110001011110000
000000000000000100101110100010100
000000000000000100101011100111000
000000000000000100101000101011100
000000000000000100100101110000000
000000000000000100100010110100100
000000000000000100011111111001000
000000000000000100011101001010000
000000000000000100011010001110100
000000000000000100010111010011000
000000000000000100010100100100000
000000000000000100010001110101000
000000000000000100001110111001100
000000000000000100001100001010100
000000000000000100001001011011100
000000000000000100000110100000000
000000000000000100000011110001000
000000000000000100000001000010000
000000000000000011111110010011000
000000000000000011111011110000100
000000000000000011111001000001100
000000000000000011110110010010100
000000000000000011110011100011100
000000000000000011110001000001000
000000000000000011101110010010000
000000000000000011101011101111100
000000000000000011101001000000100
000000000000000011100110011110000
000000000000000011100011111011100
000000000000000011100001001100100
000000000000000011011110101010000
000000000000000011011100000111100
000000000000000011011001100101000
000000000000000011010111000010100
000000000000000011010100100000000
000000000000000011010010001010000
000000000000000011001111100111100
000000000000000011001101000101000
000000000000000011001010101111000
000000000000000011001000001100100
000000000000000011000101110110100
000000000000000011000011010100000
000000000000000011000000111110000
000000000000000010111110101000000
000000000000000010111100010010000
000000000000000010111001111100000
000000000000000010110111100110000
000000000000000010110101010000000
000000000000000010110010111010000
000000000000000010110000100100000
000000000000000010101110001110000
000000000000000010101100000100100
000000000000000010101001101110100
000000000000000010100111100101000
000000000000000010100101001111000
000000000000000010100011000101100
000000000000000010100000111100000
000000000000000010011110100110000
000000000000000010011100011100100
000000000000000010011010010011000
000000000000000010011000001001100
000000000000000010010110000000000
000000000000000010010011110110100
000000000000000010010001111001100
000000000000000010001111110000000
000000000000000010001101100110100
000000000000000010001011101001100
000000000000000010001001100000000
000000000000000010000111100011000
000000000000000010000101011001100
000000000000000010000011011100100
000000000000000010000001011111100
000000000000000001111111100010100
000000000000000001111101100101100
000000000000000001111011101000100
000000000000000001111001101011100
000000000000000001110111101110100
000000000000000001110101110001100
000000000000000001110100000001000
000000000000000001110010000100000
000000000000000001110000010011100
000000000000000001101110010110100
000000000000000001101100100110000
000000000000000001101010110101100
000000000000000001101000111000100
000000000000000001100111001000000
000000000000000001100101010111100
000000000000000001100011100111000
000000000000000001100001110110100
000000000000000001100000010010100
000000000000000001011110100010000
000000000000000001011100110001100
000000000000000001011011000001000
000000000000000001011001011101000
000000000000000001010111111001000
000000000000000001010110001000100
000000000000000001010100100100100
000000000000000001010011000000100
000000000000000001010001010000000
000000000000000001001111101100000
000000000000000001001110001000000
000000000000000001001100110000100
000000000000000001001011001100100
000000000000000001001001101000100
000000000000000001001000000100100
000000000000000001000110101101000
000000000000000001000101001001000
000000000000000001000011110001100
000000000000000001000010001101100
000000000000000001000000110110000
000000000000000000111111011110100
000000000000000000111110000111000
000000000000000000111100101111100
000000000000000000111011011000000
000000000000000000111010000000100
000000000000000000111000101001000
000000000000000000110111010001100
000000000000000000110101111010000
000000000000000000110100101111000
000000000000000000110011010111100
000000000000000000110010001100100
000000000000000000110000110101000
000000000000000000101111101010000
000000000000000000101110011111000
000000000000000000101101010100000
000000000000000000101100001001000
000000000000000000101010111110000
000000000000000000101001110011000
000000000000000000101000101000000
000000000000000000100111011101000
000000000000000000100110011110100
000000000000000000100101010011100
000000000000000000100100010101000
000000000000000000100011001010000
000000000000000000100010001011100
000000000000000000100001001101000
000000000000000000100000001110100
000000000000000000011111000011100
000000000000000000011110000101000
000000000000000000011101000110100
000000000000000000011100010100100
000000000000000000011011010110000
000000000000000000011010010111100
000000000000000000011001011001000
000000000000000000011000100111000
000000000000000000010111101000100
000000000000000000010110110110100
000000000000000000010110000100100
000000000000000000010101010010100
000000000000000000010100010100000
000000000000000000010011100010000
000000000000000000010010110000000
000000000000000000010001111110000
000000000000000000010001011000100
000000000000000000010000100110100
000000000000000000001111110100100
000000000000000000001111001111000
000000000000000000001110011101000
000000000000000000001101110111100
000000000000000000001101000101100
000000000000000000001100100000000
000000000000000000001011111010100
000000000000000000001011010101000
000000000000000000001010101111100
000000000000000000001010001010000
000000000000000000001001100100100
000000000000000000001000111111000
000000000000000000001000011001100
000000000000000000001000000000100
000000000000000000000111011011000
000000000000000000000111000010000
000000000000000000000110011100100
000000000000000000000110000011100
000000000000000000000101101010100
000000000000000000000101010001100
000000000000000000000100111000100
000000000000000000000100011111100
000000000000000000000100000110100
000000000000000000000011101101100
000000000000000000000011010100100
000000000000000000000011001000000
000000000000000000000010101111000
000000000000000000000010100010100
000000000000000000000010001001100
000000000000000000000001111101000
000000000000000000000001110000100
000000000000000000000001010111100
000000000000000000000001001011000
000000000000000000000000111110100
000000000000000000000000110010000
000000000000000000000000110010000
000000000000000000000000100101100
000000000000000000000000011001000
000000000000000000000000001100100
000000000000000000000000001100100
000000000000000000000000001100100
000000000000000000000000000000000
000000000000000000000000000000000
000000000000000000000000000000000
000000000000000000000000000000000
000000000000000000000000000000000
000000000000000000000000000000000
000000000000000000000000000000000
000000000000000000000000000000000
000000000000000000000000000000000
000000000000000000000000001100100
000000000000000000000000001100100
000000000000000000000000001100100
000000000000000000000000011001000
000000000000000000000000100101100
000000000000000000000000110010000
000000000000000000000000110010000
000000000000000000000000111110100
000000000000000000000001001011000
000000000000000000000001010111100
000000000000000000000001110000100
000000000000000000000001111101000
000000000000000000000010001001100
000000000000000000000010100010100
000000000000000000000010101111000
000000000000000000000011001000000
000000000000000000000011010100100
000000000000000000000011101101100
000000000000000000000100000110100
000000000000000000000100011111100
000000000000000000000100111000100
000000000000000000000101010001100
000000000000000000000101101010100
000000000000000000000110000011100
000000000000000000000110011100100
000000000000000000000111000010000
000000000000000000000111011011000
000000000000000000001000000000100
000000000000000000001000011001100
000000000000000000001000111111000
000000000000000000001001100100100
000000000000000000001010001010000
000000000000000000001010101111100
000000000000000000001011010101000
000000000000000000001011111010100
000000000000000000001100100000000
000000000000000000001101000101100
000000000000000000001101110111100
000000000000000000001110011101000
000000000000000000001111001111000
000000000000000000001111110100100
000000000000000000010000100110100
000000000000000000010001011000100
000000000000000000010001111110000
000000000000000000010010110000000
000000000000000000010011100010000
000000000000000000010100010100000
000000000000000000010101010010100
000000000000000000010110000100100
000000000000000000010110110110100
000000000000000000010111101000100
000000000000000000011000100111000
000000000000000000011001011001000
000000000000000000011010010111100
000000000000000000011011010110000
000000000000000000011100010100100
000000000000000000011101000110100
000000000000000000011110000101000
000000000000000000011111000011100
000000000000000000100000001110100
000000000000000000100001001101000
000000000000000000100010001011100
000000000000000000100011001010000
000000000000000000100100010101000
000000000000000000100101010011100
000000000000000000100110011110100
000000000000000000100111011101000
000000000000000000101000101000000
000000000000000000101001110011000
000000000000000000101010111110000
000000000000000000101100001001000
000000000000000000101101010100000
000000000000000000101110011111000
000000000000000000101111101010000
000000000000000000110000110101000
000000000000000000110010001100100
000000000000000000110011010111100
000000000000000000110100101111000
000000000000000000110101111010000
000000000000000000110111010001100
000000000000000000111000101001000
000000000000000000111010000000100
000000000000000000111011011000000
000000000000000000111100101111100
000000000000000000111110000111000
000000000000000000111111011110100
000000000000000001000000110110000
000000000000000001000010001101100
000000000000000001000011110001100
000000000000000001000101001001000
000000000000000001000110101101000
000000000000000001001000000100100
000000000000000001001001101000100
000000000000000001001011001100100
000000000000000001001100110000100
000000000000000001001110001000000
000000000000000001001111101100000
000000000000000001010001010000000
000000000000000001010011000000100
000000000000000001010100100100100
000000000000000001010110001000100
000000000000000001010111111001000
000000000000000001011001011101000
000000000000000001011011000001000
000000000000000001011100110001100
000000000000000001011110100010000
000000000000000001100000010010100
000000000000000001100001110110100
000000000000000001100011100111000
000000000000000001100101010111100
000000000000000001100111001000000
000000000000000001101000111000100
000000000000000001101010110101100
000000000000000001101100100110000
000000000000000001101110010110100
000000000000000001110000010011100
000000000000000001110010000100000
000000000000000001110100000001000
000000000000000001110101110001100
000000000000000001110111101110100
000000000000000001111001101011100
000000000000000001111011101000100
000000000000000001111101100101100
000000000000000001111111100010100
000000000000000010000001011111100
000000000000000010000011011100100
000000000000000010000101011001100
000000000000000010000111100011000
000000000000000010001001100000000
000000000000000010001011101001100
000000000000000010001101100110100
000000000000000010001111110000000
000000000000000010010001111001100
000000000000000010010011110110100
000000000000000010010110000000000
000000000000000010011000001001100
000000000000000010011010010011000
000000000000000010011100011100100
000000000000000010011110100110000
000000000000000010100000111100000
000000000000000010100011000101100
000000000000000010100101001111000
000000000000000010100111100101000
000000000000000010101001101110100
000000000000000010101100000100100
000000000000000010101110001110000
000000000000000010110000100100000
000000000000000010110010111010000
000000000000000010110101010000000
000000000000000010110111100110000
000000000000000010111001111100000
000000000000000010111100010010000
000000000000000010111110101000000
000000000000000011000000111110000
000000000000000011000011010100000
000000000000000011000101110110100
000000000000000011001000001100100
000000000000000011001010101111000
000000000000000011001101000101000
000000000000000011001111100111100
000000000000000011010010001010000
000000000000000011010100100000000
000000000000000011010111000010100
000000000000000011011001100101000
000000000000000011011100000111100
000000000000000011011110101010000
000000000000000011100001001100100
000000000000000011100011111011100
000000000000000011100110011110000
000000000000000011101001000000100
000000000000000011101011101111100
000000000000000011101110010010000
000000000000000011110001000001000
000000000000000011110011100011100
000000000000000011110110010010100
000000000000000011111001000001100
000000000000000011111011110000100
000000000000000011111110010011000
000000000000000100000001000010000
000000000000000100000011110001000
000000000000000100000110100000000
000000000000000100001001011011100
000000000000000100001100001010100
000000000000000100001110111001100
000000000000000100010001110101000
000000000000000100010100100100000
000000000000000100010111010011000
000000000000000100011010001110100
000000000000000100011101001010000
000000000000000100011111111001000
000000000000000100100010110100100
000000000000000100100101110000000
000000000000000100101000101011100
000000000000000100101011100111000
000000000000000100101110100010100
000000000000000100110001011110000
000000000000000100110100011001100
000000000000000100110111010101000
000000000000000100111010011101000
000000000000000100111101011000100
000000000000000101000000010100000
000000000000000101000011011100000
000000000000000101000110010111100
000000000000000101001001011111100
000000000000000101001100100111100
000000000000000101001111100011000
000000000000000101010010101011000
000000000000000101010101110011000
000000000000000101011000111011000
000000000000000101011100000011000
000000000000000101011111001011000
000000000000000101100010010011000
000000000000000101100101011011000
000000000000000101101000101111100
000000000000000101101011110111100
000000000000000101101110111111100
000000000000000101110010010100000
000000000000000101110101011100000
000000000000000101111000110000100
000000000000000101111011111000100
000000000000000101111111001101000
000000000000000110000010100001100
000000000000000110000101110110000
000000000000000110001001001010100
000000000000000110001100010010100
000000000000000110001111100111000
000000000000000110010011001000000
000000000000000110010110011100100
000000000000000110011001110001000
000000000000000110011101000101100
000000000000000110100000011010000
000000000000000110100011111011000
000000000000000110100111001111100
000000000000000110101010110000100
000000000000000110101110000101000
000000000000000110110001100110000
000000000000000110110100111010100
000000000000000110111000011011100
000000000000000110111011111100100
000000000000000110111111011101100
000000000000000111000010110010000
000000000000000111000110010011000
000000000000000111001001110100000
000000000000000111001101010101000
000000000000000111010001000010100
000000000000000111010100100011100
000000000000000111011000000100100
000000000000000111011011100101100
000000000000000111011111010011000
000000000000000111100010110100000
000000000000000111100110010101000
000000000000000111101010000010100
000000000000000111101101110000000
000000000000000111110001010001000
000000000000000111110100111110100
000000000000000111111000101100000
000000000000000111111100001101000
000000000000000111111111111010100
000000000000001000000011101000000
000000000000001000000111010101100
000000000000001000001011000011000
000000000000001000001110110000100
000000000000001000010010011110000
000000000000001000010110001011100
000000000000001000011010000101100
000000000000001000011101110011000
000000000000001000100001100000100
000000000000001000100101011010100
000000000000001000101001001000000
000000000000001000101101000010000
000000000000001000110000101111100
000000000000001000110100101001100
000000000000001000111000010111000
000000000000001000111100010001000
000000000000001001000000001011000
000000000000001001000100000101000
000000000000001001000111110010100
000000000000001001001011101100100
000000000000001001001111100110100
000000000000001001010011100000100
000000000000001001010111011010100
000000000000001001011011010100100
000000000000001001011111011011000
000000000000001001100011010101000
000000000000001001100111001111000
000000000000001001101011001001000
000000000000001001101111001111100
000000000000001001110011001001100
000000000000001001110111010000000
000000000000001001111011001010000
000000000000001001111111010000100
000000000000001010000011001010100
000000000000001010000111010001000
000000000000001010001011010111100
000000000000001010001111010001100
000000000000001010010011011000000
000000000000001010010111011110100
000000000000001010011011100101000
000000000000001010011111101011100
000000000000001010100011110010000
000000000000001010100111111000100
000000000000001010101011111111000
000000000000001010110000000101100
000000000000001010110100001100000
000000000000001010111000010010100
000000000000001010111100100101100
000000000000001011000000101100000
000000000000001011000100110010100
000000000000001011001001000101100
000000000000001011001101001100000
000000000000001011010001011111000
000000000000001011010101100101100
000000000000001011011001111000100
000000000000001011011101111111000
000000000000001011100010010010000
000000000000001011100110100101000
000000000000001011101010111000000
000000000000001011101110111110100
000000000000001011110011010001100
000000000000001011110111100100100
000000000000001011111011110111100
000000000000001100000000001010100
000000000000001100000100011101100
000000000000001100001000110000100
000000000000001100001101000011100
000000000000001100010001010110100
000000000000001100010101101001100
000000000000001100011010001001000
000000000000001100011110011100000
000000000000001100100010101111000
000000000000001100100111000010000
000000000000001100101011100001100
000000000000001100101111110100100
000000000000001100110100010100000
000000000000001100111000100111000
000000000000001100111101000110100
000000000000001101000001011001100
000000000000001101000101111001000
000000000000001101001010011000100
000000000000001101001110101011100
000000000000001101010011001011000
000000000000001101010111101010100
000000000000001101011100001010000
000000000000001101100000011101000
000000000000001101100100111100100
000000000000001101101001011100000
000000000000001101101101111011100
000000000000001101110010011011000
000000000000001101110110111010100
000000000000001101111011011010000
000000000000001101111111111001100
000000000000001110000100011001000
000000000000001110001001000101000
000000000000001110001101100100100
000000000000001110010010000100000
000000000000001110010110100011100
000000000000001110011011001111100
000000000000001110011111101111000
000000000000001110100100001110100
000000000000001110101000111010100
000000000000001110101101011010000
000000000000001110110010000110000
000000000000001110110110100101100
000000000000001110111011010001100
000000000000001110111111110001000
000000000000001111000100011101000
000000000000001111001000111100100
000000000000001111001101101000100
000000000000001111010010010100100
000000000000001111010110110100000
000000000000001111011011100000000
000000000000001111100000001100000
000000000000001111100100111000000
000000000000001111101001100100000
000000000000001111101110010000000
000000000000001111110010111100000
000000000000001111110111011011100
000000000000001111111100000111100
000000000000010000000000110011100
000000000000010000000101011111100
000000000000010000001010011000000
000000000000010000001111000100000
000000000000010000010011110000000
000000000000010000011000011100000
000000000000010000011101001000000
000000000000010000100001110100000
000000000000010000100110100000000
000000000000010000101011011000100
000000000000010000110000000100100
000000000000010000110100110000100
000000000000010000111001101001000
000000000000010000111110010101000
000000000000010001000011000001000
000000000000010001000111111001100
000000000000010001001100100101100
000000000000010001010001011110000
000000000000010001010110001010000
000000000000010001011011000010100
000000000000010001011111101110100
000000000000010001100100100111000
000000000000010001101001010011000
000000000000010001101110001011100
000000000000010001110011000100000
000000000000010001110111110000000
000000000000010001111100101000100
000000000000010010000001100001000
000000000000010010000110001101000
000000000000010010001011000101100
000000000000010010001111111110000
000000000000010010010100110110100
000000000000010010011001100010100
000000000000010010011110011011000
000000000000010010100011010011100
000000000000010010101000001100000
000000000000010010101101000100100
000000000000010010110001111101000
000000000000010010110110110101100
000000000000010010111011101110000
000000000000010011000000100110100
000000000000010011000101011111000
000000000000010011001010010111100
000000000000010011001111010000000
000000000000010011010100001000100
000000000000010011011001000001000
000000000000010011011101111001100
000000000000010011100010110010000
000000000000010011100111101010100
000000000000010011101100100011000
000000000000010011110001101000000
000000000000010011110110100000100
000000000000010011111011011001000
000000000000010100000000010001100
000000000000010100000101001010000
000000000000010100001010001111000
000000000000010100001111000111100
000000000000010100010100000000000
000000000000010100011000111000100
000000000000010100011101111101100
000000000000010100100010110110000
000000000000010100100111101110100
000000000000010100101100110011100
000000000000010100110001101100000
000000000000010100110110100100100
000000000000010100111011101001100
000000000000010101000000100010000
000000000000010101000101100111000
000000000000010101001010011111100
000000000000010101001111011000000
000000000000010101010100011101000
000000000000010101011001010101100
000000000000010101011110011010100
000000000000010101100011010011000
000000000000010101101000011000000
000000000000010101101101010000100
000000000000010101110010010101100
000000000000010101110111001110000
000000000000010101111100010011000
000000000000010110000001001011100
000000000000010110000110010000100
000000000000010110001011010101100
000000000000010110010000001110000
000000000000010110010101010011000
000000000000010110011010001011100
000000000000010110011111010000100
000000000000010110100100001001000
000000000000010110101001001110000
000000000000010110101110010011000
000000000000010110110011001011100
000000000000010110111000010000100
000000000000010110111101010101100
000000000000010111000010001110000
000000000000010111000111010011000
000000000000010111001100011000000
000000000000010111010001010000100
000000000000010111010110010101100
000000000000010111011011011010100
000000000000010111100000010011000
000000000000010111100101011000000
000000000000010111101010011101000
000000000000010111101111010101100
000000000000010111110100011010100
000000000000010111111001011111100
000000000000010111111110100100100
000000000000011000000011011101000
000000000000011000001000100010000
000000000000011000001101100111000
000000000000011000010010011111100
000000000000011000010111100100100
000000000000011000011100101001100
000000000000011000100001101110100
000000000000011000100110100111000
000000000000011000101011101100000
000000000000011000110000110001000
000000000000011000110101110110000
